3000.      .0000
3000.354      .0011
3000.708      .0012
3001.062      .0012
3001.416      .0013
3001.769      .0014
3002.123      .0015
3002.477      .0015
3002.831      .0016
3003.185      .0017
3003.539      .0017
3003.893      .0018
3004.246      .0019
3004.6      .0020
3004.954      .0021
3005.308      .0022
3005.662      .0023
3006.016      .0023
3006.37      .0024
3006.723      .0025
3007.077      .0027
3007.431      .0028
3007.785      .0029
3008.139      .0030
3008.493      .0032
3008.847      .0033
3009.201      .0035
3009.554      .0038
3009.908      .0040
3010.262      .0041
3010.616      .0042
3010.97      .0044
3011.324      .0045
3011.678      .0048
3012.031      .0050
3012.385      .0052
3012.739      .0054
3013.093      .0056
3013.447      .0057
3013.801      .0059
3014.155      .0062
3014.509      .0065
3014.863      .0068
3015.216      .0070
3015.57      .0072
3015.924      .0074
3016.278      .0077
3016.632      .0080
3016.986      .0084
3017.34      .0088
3017.693      .0090
3018.047      .0092
3018.401      .0095
3018.755      .0098
3019.109      .0103
3019.463      .0108
3019.817      .0113
3020.17      .0115
3020.524      .0118
3020.878      .0122
3021.232      .0126
3021.586      .0133
3021.94      .0139
3022.294      .0144
3022.648      .0147
3023.001      .0151
3023.355      .0157
3023.709      .0164
3024.063      .0172
3024.417      .0179
3024.771      .0184
3025.125      .0188
3025.479      .0195
3025.833      .0203
3026.186      .0212
3026.54      .0219
3026.894      .0225
3027.248      .0232
3027.602      .0239
3027.956      .0249
3028.31      .0259
3028.663      .0267
3029.017      .0275
3029.371      .0284
3029.725      .0294
3030.079      .0305
3030.433      .0316
3030.787      .0325
3031.14      .0336
3031.494      .0348
3031.848      .0361
3032.202      .0375
3032.556      .0388
3032.91      .0399
3033.264      .0412
3033.617      .0428
3033.971      .0445
3034.325      .0460
3034.679      .0474
3035.033      .0488
3035.387      .0503
3035.741      .0522
3036.095      .0541
3036.448      .0557
3036.802      .0572
3037.156      .0587
3037.51      .0606
3037.864      .0629
3038.218      .0651
3038.572      .0670
3038.926      .0686
3039.28      .0706
3039.633      .0729
3039.987      .0755
3040.341      .0780
3040.695      .0802
3041.049      .0823
3041.403      .0846
3041.757      .0874
3042.11      .0905
3042.464      .0933
3042.818      .0958
3043.172      .0982
3043.526      .1010
3043.88      .1044
3044.234      .1080
3044.587      .1109
3044.941      .1134
3045.295      .1163
3045.649      .1201
3046.003      .1243
3046.357      .1277
3046.711      .1305
3047.064      .1336
3047.418      .1378
3047.772      .1424
3048.126      .1463
3048.48      .1494
3048.834      .1530
3049.188      .1577
3049.542      .1625
3049.896      .1665
3050.249      .1701
3050.603      .1744
3050.957      .1795
3051.311      .1843
3051.665      .1884
3052.019      .1928
3052.373      .1979
3052.727      .2031
3053.08      .2076
3053.434      .2123
3053.788      .2176
3054.142      .2230
3054.496      .2278
3054.85      .2326
3055.204      .2381
3055.557      .2439
3055.911      .2489
3056.265      .2535
3056.619      .2591
3056.973      .2653
3057.327      .2705
3057.681      .2750
3058.034      .2806
3058.388      .2869
3058.742      .2922
3059.096      .2966
3059.45      .3019
3059.804      .3080
3060.158      .3132
3060.511      .3174
3060.865      .3224
3061.219      .3280
3061.573      .3326
3061.927      .3366
3062.281      .3414
3062.635      .3461
3062.989      .3500
3063.343      .3536
3063.696      .3577
3064.05      .3613
3064.404      .3643
3064.758      .3674
3065.112      .3702
3065.466      .3725
3065.82      .3747
3066.174      .3766
3066.527      .3779
3066.881      .3790
3067.235      .3799
3067.589      .3800
3067.943      .3798
3068.297      .3794
3068.651      .3782
3069.004      .3767
3069.358      .3749
3069.712      .3726
3070.066      .3699
3070.42      .3670
3070.774      .3639
3071.128      .3609
3071.481      .3580
3071.835      .3558
3072.189      .3548
3072.543      .3556
3072.897      .3594
3073.251      .3670
3073.605      .3796
3073.958      .3979
3074.313      .4228
3074.666      .4554
3075.02      .4971
3075.374      .5491
3075.728      .6123
3076.082      .6869
3076.436      .7725
3076.79      .8673
3077.143      .9665
3077.497      1.0607
3077.851      1.1337
3078.205      1.1685
3078.559      1.1644
3078.913      1.1416
3079.267      1.1166
3079.621      1.0848
3079.974      1.0317
3080.328      .9493
3080.682      .8369
3081.036      .7026
3081.39      .5680
3081.744      .4542
3082.098      .3683
3082.451      .3077
3082.805      .2669
3083.159      .2405
3083.513      .2243
3083.867      .2156
3084.221      .2123
3084.575      .2132
3084.928      .2175
3085.282      .2249
3085.636      .2351
3085.99      .2479
3086.344      .2632
3086.698      .2805
3087.052      .2988
3087.406      .3159
3087.76      .3277
3088.113      .3272
3088.467      .3071
3088.821      .2671
3089.175      .2178
3089.529      .1720
3089.883      .1352
3090.237      .1077
3090.59      .0877
3090.944      .0732
3091.298      .0625
3091.652      .0545
3092.006      .0482
3092.36      .0432
3092.714      .0391
3093.067      .0356
3093.421      .0327
3093.775      .0302
3094.129      .0280
3094.483      .0261
3094.837      .0244
3095.191      .0229
3095.545      .0215
3095.898      .0203
3096.252      .0192
3096.606      .0182
3096.96      .0173
3097.314      .0165
3097.668      .0157
3098.022      .0150
3098.375      .0143
3098.729      .0137
3099.083      .0131
3099.437      .0126
3099.791      .0121
3100.145      .0116
3100.499      .0112
3100.853      .0108
3101.207      .0104
3101.56      .0100
3101.914      .0097
3102.268      .0093
3102.622      .0090
3102.976      .0087
3103.33      .0084
3103.684      .0081
3104.037      .0079
3104.391      .0076
3104.745      .0074
3105.099      .0072
3105.453      .0069
3105.807      .0067
3106.161      .0065
3106.514      .0063
3106.868      .0061
3107.222      .0060
3107.576      .0058
3107.93      .0056
3108.284      .0055
3108.638      .0053
3108.992      .0051
3109.345      .0050
3109.699      .0049
3110.053      .0047
3110.407      .0046
3110.761      .0045
3111.115      .0043
3111.469      .0042
3111.823      .0041
3112.177      .0040
3112.53      .0039
3112.884      .0038
3113.238      .0037
3113.592      .0036
3113.946      .0035
3114.3      .0034
3114.654      .0033
3115.007      .0032
3115.361      .0031
3115.715      .0030
3116.069      .0029
3116.423      .0028
3116.777      .0028
3117.131      .0027
3117.484      .0026
3117.838      .0026
3118.192      .0025
3118.546      .0024
3118.9      .0024
3119.254      .0023
3119.608      .0022
3119.961      .0022
3120.315      .0021
3120.669      .0021
3121.023      .0020
3121.377      .0020
3121.731      .0019
3122.085      .0018
3122.439      .0018
3122.792      .0017
3123.146      .0016
3123.5      .0015
3123.854      .0013
3124.208      .0011
3124.562      .0010
3124.916      .0010
3125.27      .0009
3125.624      .0008
3125.977      .0006
3126.331      .0006
3126.685      .0004
3127.039      .0004
3127.393      .0004
3127.747      .0004
3128.101      .0004
3128.454      .0004
3128.808      .0003
3129.162      .0003
3129.516      .0003
3129.87      .0003
3130.224      .0003
3130.578      .0003
3130.931      .0003
3131.285      .0003
3131.639      .0003
3131.993      .0002
3132.347      .0002
3132.701      .0002
3133.055      .0002
3133.408      .0002
3133.762      .0001
3134.116      .0001
3134.47      .0000
3134.824      .0000
3135.178      .0000
3135.532      .0000
3135.886      .0000
3136.24      .0000
3136.593      .0000
3136.947      .0000
3137.301      .0000
3137.655      .0000
3138.009      .0000
3138.363      .0000
3138.717      .0000
3139.071      .0000
3139.424      .0000
3139.778      .0000
3140.132      .0000
3140.486      .0000
3140.84      .0000
3141.194      .0000
3141.548      .0000
3141.901      .0000
3142.255      .0000
3142.609      .0000
3142.963      .0000
3143.317      .0000
3143.671      .0000
3144.025      .0000
3144.378      .0000
3144.732      .0000
3145.086      .0000
3145.44      .0000
3145.794      .0000
3146.148      .0000
3146.502      .0000
3146.855      .0000
3147.209      .0000
3147.563      .0000
3147.917      .0000
3148.271      .0000
3148.625      .0000
3148.979      .0000
3149.333      .0000
3149.687      .0000
3150.04      .0000
3150.394      .0000
3150.748      .0000
3151.102      .0000
3151.456      .0000
3151.81      .0000
3152.164      .0000
3152.518      .0000
3152.871      .0000
3153.225      .0001
3153.579      .0001
3153.933      .0001
3154.287      .0001
3154.641      .0001
3154.995      .0001
3155.348      .0001
3155.702      .0001
3156.056      .0001
3156.41      .0001
3156.764      .0001
3157.118      .0001
3157.472      .0001
3157.825      .0001
3158.179      .0001
3158.533      .0001
3158.887      .0001
3159.241      .0001
3159.595      .0001
3159.949      .0002
3160.302      .0002
3160.656      .0002
3161.01      .0002
3161.364      .0002
3161.718      .0002
3162.072      .0002
3162.426      .0002
3162.78      .0002
3163.134      .0003
3163.487      .0003
3163.841      .0003
3164.195      .0003
3164.549      .0003
3164.903      .0003
3165.257      .0003
3165.611      .0004
3165.965      .0004
3166.318      .0004
3166.672      .0004
3167.026      .0004
3167.38      .0005
3167.734      .0005
3168.088      .0005
3168.442      .0005
3168.795      .0005
3169.149      .0006
3169.503      .0006
3169.857      .0006
3170.211      .0006
3170.565      .0006
3170.919      .0007
3171.272      .0007
3171.626      .0007
3171.98      .0008
3172.334      .0008
3172.688      .0008
3173.042      .0008
3173.396      .0009
3173.75      .0009
3174.104      .0009
3174.457      .0010
3174.811      .0011
3175.165      .0011
3175.519      .0011
3175.873      .0012
3176.227      .0012
3176.581      .0013
3176.934      .0013
3177.288      .0014
3177.642      .0015
3177.996      .0015
3178.35      .0016
3178.704      .0016
3179.058      .0017
3179.411      .0018
3179.765      .0019
3180.119      .0020
3180.473      .0020
3180.827      .0021
3181.181      .0022
3181.535      .0023
3181.889      .0024
3182.242      .0025
3182.596      .0026
3182.95      .0028
3183.304      .0029
3183.658      .0030
3184.012      .0031
3184.366      .0033
3184.719      .0035
3185.073      .0036
3185.427      .0039
3185.781      .0041
3186.135      .0043
3186.489      .0046
3186.843      .0048
3187.197      .0052
3187.551      .0055
3187.904      .0059
3188.258      .0065
3188.612      .0071
3188.966      .0078
3189.32      .0087
3189.674      .0099
3190.028      .0115
3190.381      .0135
3190.735      .0157
3191.089      .0180
3191.443      .0198
3191.797      .0213
3192.151      .0231
3192.505      .0251
3192.858      .0269
3193.212      .0283
3193.566      .0299
3193.92      .0317
3194.274      .0337
3194.628      .0354
3194.982      .0368
3195.336      .0377
3195.689      .0387
3196.043      .0399
3196.397      .0409
3196.751      .0417
3197.105      .0428
3197.459      .0448
3197.813      .0480
3198.167      .0516
3198.521      .0551
3198.874      .0577
3199.228      .0597
3199.582      .0608
3199.936      .0611
3200.29      .0615
3200.644      .0626
3200.998      .0647
3201.351      .0677
3201.705      .0723
3202.059      .0776
3202.413      .0818
3202.767      .0831
3203.121      .0824
3203.475      .0814
3203.828      .0820
3204.182      .0839
3204.536      .0867
3204.89      .0902
3205.244      .0958
3205.598      .1030
3205.952      .1090
3206.305      .1111
3206.659      .1097
3207.013      .1080
3207.367      .1086
3207.721      .1121
3208.075      .1165
3208.429      .1210
3208.783      .1269
3209.136      .1352
3209.49      .1425
3209.844      .1461
3210.198      .1455
3210.552      .1450
3210.906      .1472
3211.26      .1524
3211.614      .1584
3211.968      .1647
3212.321      .1727
3212.675      .1822
3213.029      .1900
3213.383      .1936
3213.737      .1956
3214.091      .1984
3214.445      .2023
3214.798      .2061
3215.152      .2113
3215.506      .2195
3215.86      .2300
3216.214      .2399
3216.568      .2465
3216.922      .2520
3217.275      .2579
3217.629      .2626
3217.983      .2665
3218.337      .2713
3218.691      .2798
3219.045      .2916
3219.399      .3029
3219.752      .3132
3220.106      .3226
3220.46      .3284
3220.814      .3324
3221.168      .3391
3221.522      .3494
3221.876      .3612
3222.23      .3726
3222.583      .3845
3222.937      .3977
3223.291      .4086
3223.645      .4140
3223.999      .4176
3224.353      .4279
3224.707      .4467
3225.061      .4662
3225.415      .4800
3225.768      .4887
3226.122      .4991
3226.476      .5110
3226.83      .5214
3227.184      .5298
3227.538      .5433
3227.892      .5681
3228.245      .5937
3228.599      .6093
3228.953      .6152
3229.307      .6239
3229.661      .6413
3230.015      .6593
3230.369      .6758
3230.722      .6954
3231.076      .7210
3231.43      .7409
3231.784      .7538
3232.138      .7668
3232.492      .7872
3232.846      .8132
3233.199      .8380
3233.553      .8614
3233.907      .8843
3234.261      .8996
3234.615      .9102
3234.969      .9287
3235.323      .9606
3235.677      .9981
3236.031      1.0338
3236.384      1.0666
3236.738      1.0879
3237.092      1.0971
3237.446      1.1054
3237.8      1.1241
3238.154      1.1571
3238.508      1.2052
3238.862      1.2648
3239.215      1.3151
3239.569      1.3366
3239.923      1.3379
3240.277      1.3433
3240.631      1.3644
3240.985      1.3990
3241.339      1.4529
3241.692      1.5250
3242.046      1.5947
3242.4      1.6304
3242.754      1.6309
3243.108      1.6292
3243.462      1.6545
3243.816      1.7024
3244.169      1.7621
3244.523      1.8331
3244.877      1.9077
3245.231      1.9563
3245.585      1.9703
3245.939      1.9834
3246.293      2.0193
3246.646      2.0725
3247.      2.1364
3247.354      2.2119
3247.708      2.2811
3248.062      2.3332
3248.416      2.3787
3248.77      2.4243
3249.124      2.4664
3249.478      2.5142
3249.831      2.5774
3250.185      2.6500
3250.539      2.7199
3250.893      2.7866
3251.247      2.8471
3251.601      2.9016
3251.955      2.9593
3252.309      3.0225
3252.662      3.0900
3253.016      3.1694
3253.37      3.2567
3253.724      3.3210
3254.078      3.3715
3254.432      3.4454
3254.786      3.5423
3255.139      3.6254
3255.493      3.7004
3255.847      3.7809
3256.201      3.8487
3256.555      3.9075
3256.909      3.9938
3257.263      4.1111
3257.616      4.2222
3257.97      4.3043
3258.324      4.3744
3258.678      4.4551
3259.032      4.5472
3259.386      4.6504
3259.74      4.7510
3260.094      4.8351
3260.448      4.9252
3260.801      5.0422
3261.155      5.1711
3261.509      5.2901
3261.863      5.3747
3262.217      5.4239
3262.571      5.4910
3262.925      5.6235
3263.278      5.8197
3263.632      6.0041
3263.986      6.0889
3264.34      6.1032
3264.694      6.1540
3265.048      6.2779
3265.402      6.4693
3265.755      6.6801
3266.109      6.8101
3266.463      6.8510
3266.817      6.9006
3267.171      7.0215
3267.525      7.1949
3267.879      7.3619
3268.233      7.4927
3268.586      7.6022
3268.94      7.7177
3269.294      7.8438
3269.648      7.9675
3270.002      8.0924
3270.356      8.2281
3270.71      8.3730
3271.063      8.5198
3271.417      8.6563
3271.771      8.7701
3272.125      8.8863
3272.479      9.0375
3272.833      9.1792
3273.187      9.2928
3273.541      9.4249
3273.895      9.5788
3274.248      9.7326
3274.602      9.8635
3274.956      9.9692
3275.31      10.0733
3275.664      10.2034
3276.018      10.3656
3276.372      10.5336
3276.725      10.6712
3277.079      10.7620
3277.433      10.8415
3277.787      10.9477
3278.141      11.1090
3278.495      11.2965
3278.849      11.4144
3279.202      11.4615
3279.556      11.5361
3279.91      11.6707
3280.264      11.8128
3280.618      11.9227
3280.972      12.0148
3281.326      12.1036
3281.68      12.1845
3282.033      12.2674
3282.387      12.3568
3282.741      12.4525
3283.095      12.5441
3283.449      12.6200
3283.803      12.6870
3284.157      12.7395
3284.51      12.7937
3284.865      12.8852
3285.218      12.9924
3285.572      13.0588
3285.926      13.0984
3286.28      13.1712
3286.634      13.2927
3286.988      13.4445
3287.342      13.6086
3287.695      13.8014
3288.049      14.0675
3288.403      14.4379
3288.757      14.9276
3289.111      15.5473
3289.465      16.2997
3289.819      17.2060
3290.172      18.3103
3290.526      19.6530
3290.88      21.2392
3291.234      23.0511
3291.588      25.0775
3291.942      27.2877
3292.296      29.5316
3292.649      31.4944
3293.003      32.7183
3293.357      32.8902
3293.711      32.0755
3294.065      30.4195
3294.419      28.0246
3294.773      25.3435
3295.127      23.0507
3295.48      21.5426
3295.834      20.8510
3296.188      20.8274
3296.542      21.2701
3296.896      21.9481
3297.25      22.5697
3297.604      22.8363
3297.958      22.6854
3298.312      22.4009
3298.665      22.2514
3299.019      22.1680
3299.373      21.7566
3299.727      20.5133
3300.081      18.2662
3300.435      15.4964
3300.789      12.8805
3301.142      10.7736
3301.496      9.2031
3301.85      8.0694
3302.204      7.2586
3302.558      6.6827
3302.912      6.2720
3303.266      5.9773
3303.619      5.7769
3303.973      5.6569
3304.327      5.6127
3304.681      5.6517
3305.035      5.7831
3305.389      6.0155
3305.743      6.3555
3306.096      6.8047
3306.45      7.3673
3306.804      8.0423
3307.158      8.8241
3307.512      9.6826
3307.866      10.5437
3308.22      11.2542
3308.574      11.5472
3308.927      11.0984
3309.281      9.8084
3309.635      8.0374
3309.989      6.3070
3310.343      4.8922
3310.697      3.8306
3311.051      3.0610
3311.405      2.5097
3311.759      2.1096
3312.112      1.8126
3312.466      1.5861
3312.82      1.4074
3313.174      1.2631
3313.528      1.1436
3313.882      1.0436
3314.236      .9585
3314.589      .8855
3314.943      .8219
3315.297      .7660
3315.651      .7172
3316.005      .6733
3316.359      .6342
3316.713      .5987
3317.066      .5666
3317.42      .5377
3317.774      .5108
3318.128      .4867
3318.482      .4646
3318.836      .4430
3319.19      .4242
3319.543      .4059
3319.897      .3893
3320.251      .3737
3320.605      .3590
3320.959      .3456
3321.313      .3323
3321.667      .3204
3322.021      .3085
3322.375      .2979
3322.728      .2870
3323.082      .2776
3323.436      .2682
3323.79      .2593
3324.144      .2511
3324.498      .2426
3324.852      .2345
3325.206      .2275
3325.559      .2205
3325.913      .2137
3326.267      .2072
3326.621      .2008
3326.975      .1948
3327.329      .1887
3327.683      .1835
3328.036      .1779
3328.39      .1730
3328.744      .1680
3329.098      .1629
3329.452      .1585
3329.806      .1537
3330.16      .1493
3330.513      .1452
3330.867      .1413
3331.221      .1373
3331.575      .1332
3331.929      .1297
3332.283      .1259
3332.637      .1228
3332.99      .1193
3333.344      .1158
3333.698      .1125
3334.052      .1099
3334.406      .1066
3334.76      .1039
3335.114      .1006
3335.468      .0982
3335.822      .0953
3336.175      .0926
3336.529      .0894
3336.883      .0868
3337.237      .0837
3337.591      .0806
3337.945      .0775
3338.299      .0741
3338.652      .0703
3339.006      .0651
3339.36      .0606
3339.714      .0574
3340.068      .0533
3340.422      .0490
3340.776      .0475
3341.13      .0461
3341.483      .0446
3341.837      .0431
3342.191      .0412
3342.545      .0393
3342.899      .0375
3343.253      .0352
3343.607      .0312
3343.96      .0299
3344.314      .0279
3344.668      .0269
3345.022      .0248
3345.376      .0222
3345.73      .0184
3346.084      .0163
3346.438      .0158
3346.792      .0152
3347.145      .0149
3347.499      .0143
3347.853      .0139
3348.207      .0135
3348.561      .0130
3348.915      .0126
3349.269      .0123
3349.622      .0119
3349.976      .0114
3350.33      .0111
3350.684      .0108
3351.038      .0103
3351.392      .0100
3351.746      .0095
3352.099      .0091
3352.453      .0086
3352.807      .0081
3353.161      .0074
3353.515      .0070
3353.869      .0060
3354.223      .0050
3354.577      .0037
3354.93      .0014
3355.284      .0000
3355.638      .0000
3355.992      .0000
3356.346      .0000
3356.7      .0000
3357.054      .0000
3357.407      .0000
3357.761      .0000
3358.115      .0000
3358.469      .0000
3358.823      .0000
3359.177      .0000
3359.531      .0000
3359.885      .0000
3360.239      .0000
3360.592      .0000
3360.946      .0000
3361.3      .0000
3361.654      .0000
3362.008      .0000
3362.362      .0000
3362.716      .0000
3363.069      .0000
3363.423      .0000
3363.777      .0000
3364.131      .0000
3364.485      .0000
3364.839      .0000
3365.193      .0000
3365.546      .0000
3365.9      .0000
3366.254      .0001
3366.608      .0001
3366.962      .0001
3367.316      .0001
3367.67      .0001
3368.024      .0001
3368.377      .0001
3368.731      .0001
3369.085      .0001
3369.439      .0001
3369.793      .0001
3370.147      .0001
3370.501      .0001
3370.854      .0001
3371.208      .0002
3371.562      .0002
3371.916      .0002
3372.27      .0002
3372.624      .0002
3372.978      .0002
3373.332      .0002
3373.686      .0003
3374.039      .0003
3374.393      .0003
3374.747      .0003
3375.101      .0003
3375.455      .0003
3375.809      .0003
3376.163      .0003
3376.516      .0004
3376.87      .0004
3377.224      .0004
3377.578      .0004
3377.932      .0004
3378.286      .0004
3378.64      .0005
3378.993      .0005
3379.347      .0005
3379.701      .0006
3380.055      .0006
3380.409      .0006
3380.763      .0006
3381.117      .0006
3381.471      .0007
3381.824      .0007
3382.178      .0008
3382.532      .0008
3382.886      .0008
3383.24      .0008
3383.594      .0009
3383.948      .0009
3384.302      .0010
3384.656      .0010
3385.009      .0011
3385.363      .0011
3385.717      .0011
3386.071      .0012
3386.425      .0012
3386.779      .0013
3387.133      .0014
3387.486      .0014
3387.84      .0014
3388.194      .0016
3388.548      .0016
3388.902      .0017
3389.256      .0017
3389.61      .0018
3389.963      .0019
3390.317      .0019
3390.671      .0020
3391.025      .0021
3391.379      .0021
3391.733      .0022
3392.087      .0023
3392.44      .0024
3392.794      .0025
3393.148      .0027
3393.502      .0027
3393.856      .0029
3394.21      .0030
3394.564      .0031
3394.918      .0032
3395.271      .0033
3395.625      .0034
3395.979      .0036
3396.333      .0037
3396.687      .0038
3397.041      .0041
3397.395      .0042
3397.749      .0045
3398.103      .0046
3398.456      .0048
3398.81      .0050
3399.164      .0052
3399.518      .0055
3399.872      .0058
3400.226      .0060
3400.58      .0063
3400.933      .0065
3401.287      .0069
3401.641      .0073
3401.995      .0078
3402.349      .0083
3402.703      .0088
3403.057      .0093
3403.41      .0100
3403.764      .0107
3404.118      .0115
3404.472      .0127
3404.826      .0141
3405.18      .0158
3405.534      .0182
3405.887      .0211
3406.241      .0248
3406.595      .0291
3406.949      .0332
3407.303      .0360
3407.657      .0378
3408.011      .0401
3408.365      .0442
3408.719      .0502
3409.072      .0570
3409.426      .0620
3409.78      .0634
3410.134      .0632
3410.488      .0635
3410.842      .0656
3411.196      .0692
3411.55      .0734
3411.903      .0763
3412.257      .0762
3412.611      .0752
3412.965      .0757
3413.319      .0794
3413.673      .0863
3414.027      .0951
3414.38      .1030
3414.734      .1074
3415.088      .1096
3415.442      .1135
3415.796      .1211
3416.15      .1322
3416.504      .1421
3416.857      .1449
3417.211      .1404
3417.565      .1339
3417.919      .1316
3418.273      .1360
3418.627      .1464
3418.981      .1592
3419.334      .1680
3419.688      .1698
3420.042      .1672
3420.396      .1677
3420.75      .1737
3421.104      .1838
3421.458      .1938
3421.812      .2007
3422.166      .2021
3422.519      .1994
3422.873      .1985
3423.227      .2019
3423.581      .2095
3423.935      .2195
3424.289      .2303
3424.643      .2383
3424.996      .2413
3425.35      .2420
3425.704      .2429
3426.058      .2463
3426.412      .2578
3426.766      .2769
3427.12      .2983
3427.474      .3146
3427.827      .3231
3428.181      .3265
3428.535      .3300
3428.889      .3372
3429.243      .3462
3429.597      .3521
3429.951      .3514
3430.304      .3464
3430.658      .3435
3431.012      .3490
3431.366      .3623
3431.72      .3794
3432.074      .3954
3432.428      .4101
3432.781      .4225
3433.135      .4366
3433.489      .4577
3433.843      .4787
3434.197      .4863
3434.551      .4781
3434.905      .4641
3435.259      .4561
3435.613      .4561
3435.966      .4641
3436.32      .4777
3436.674      .4927
3437.028      .5094
3437.382      .5341
3437.736      .5646
3438.09      .5946
3438.443      .6205
3438.797      .6357
3439.151      .6368
3439.505      .6294
3439.859      .6188
3440.213      .6106
3440.567      .6056
3440.921      .6060
3441.274      .6131
3441.628      .6347
3441.982      .6764
3442.336      .7352
3442.69      .7941
3443.044      .8295
3443.398      .8257
3443.751      .7966
3444.105      .7713
3444.459      .7713
3444.813      .7942
3445.167      .8164
3445.521      .8214
3445.875      .8182
3446.229      .8311
3446.583      .8777
3446.936      .9489
3447.29      1.0212
3447.644      1.0609
3447.998      1.0527
3448.352      1.0103
3448.706      .9719
3449.06      .9608
3449.413      .9809
3449.767      1.0289
3450.121      1.0933
3450.475      1.1447
3450.829      1.1715
3451.183      1.1815
3451.537      1.1924
3451.89      1.2272
3452.244      1.2808
3452.598      1.3202
3452.952      1.3172
3453.306      1.2849
3453.66      1.2605
3454.014      1.2784
3454.368      1.3346
3454.721      1.4045
3455.075      1.4607
3455.429      1.4889
3455.783      1.5049
3456.137      1.5314
3456.491      1.5778
3456.845      1.6289
3457.198      1.6649
3457.552      1.6832
3457.906      1.6895
3458.26      1.6995
3458.614      1.7134
3458.968      1.7244
3459.322      1.7305
3459.676      1.7523
3460.03      1.8105
3460.383      1.9041
3460.737      2.0126
3461.091      2.0884
3461.445      2.1185
3461.799      2.1367
3462.153      2.1635
3462.507      2.1869
3462.86      2.1911
3463.214      2.1762
3463.568      2.1590
3463.922      2.1697
3464.276      2.2343
3464.63      2.3418
3464.984      2.4537
3465.337      2.5385
3465.691      2.6015
3466.045      2.6755
3466.399      2.7612
3466.753      2.8218
3467.107      2.8096
3467.461      2.7437
3467.815      2.6973
3468.168      2.7322
3468.522      2.8388
3468.876      2.9601
3469.23      3.0449
3469.584      3.0907
3469.938      3.1373
3470.292      3.2215
3470.646      3.3327
3471.      3.4586
3471.353      3.5558
3471.707      3.5686
3472.061      3.5180
3472.415      3.4814
3472.769      3.5403
3473.123      3.6927
3473.477      3.8506
3473.83      3.9015
3474.184      3.8555
3474.538      3.8301
3474.892      3.9199
3475.246      4.1111
3475.6      4.3224
3475.954      4.4727
3476.307      4.5378
3476.661      4.5734
3477.015      4.6301
3477.369      4.6893
3477.723      4.7029
3478.077      4.6906
3478.431      4.6876
3478.784      4.7182
3479.138      4.8035
3479.492      4.9476
3479.846      5.1696
3480.2      5.4676
3480.554      5.7720
3480.908      5.9724
3481.262      5.9764
3481.615      5.8295
3481.969      5.6858
3482.323      5.6513
3482.677      5.6994
3483.031      5.8014
3483.385      5.9741
3483.739      6.2592
3484.093      6.6355
3484.447      6.9809
3484.8      7.1528
3485.154      7.1427
3485.508      7.0648
3485.862      7.0202
3486.216      7.0244
3486.57      7.1010
3486.924      7.2477
3487.277      7.4423
3487.631      7.6655
3487.985      7.9282
3488.339      8.2053
3488.693      8.3935
3489.047      8.3923
3489.401      8.3309
3489.754      8.4277
3490.108      8.7271
3490.462      9.0163
3490.816      9.0890
3491.17      9.0237
3491.524      9.0801
3491.878      9.3577
3492.231      9.7417
3492.585      10.0739
3492.939      10.2538
3493.293      10.2702
3493.647      10.2278
3494.001      10.2392
3494.355      10.3950
3494.708      10.7286
3495.063      11.1398
3495.416      11.4661
3495.77      11.6396
3496.124      11.7531
3496.478      11.9351
3496.832      12.1109
3497.186      12.1363
3497.54      12.0881
3497.894      12.1605
3498.247      12.4361
3498.601      12.8675
3498.955      13.3443
3499.309      13.7147
3499.663      13.8961
3500.017      14.0000
3500.371      14.1800
3500.724      14.3476
3501.078      14.3731
3501.432      14.4166
3501.786      14.6940
3502.14      15.1198
3502.494      15.4297
3502.848      15.5412
3503.201      15.6932
3503.555      16.0604
3503.909      16.5669
3504.263      17.0245
3504.617      17.3209
3504.971      17.5052
3505.325      17.6119
3505.678      17.6331
3506.032      17.6262
3506.386      17.6703
3506.74      17.8532
3507.094      18.3097
3507.448      19.0790
3507.802      19.9838
3508.156      20.6519
3508.51      20.7861
3508.863      20.4937
3509.217      20.2013
3509.571      20.2591
3509.925      20.5987
3510.279      20.9117
3510.633      21.1936
3510.987      21.7610
3511.34      22.6141
3511.694      23.3915
3512.048      23.7840
3512.402      23.8256
3512.756      23.6859
3513.11      23.5713
3513.464      23.6634
3513.818      24.0400
3514.171      24.6717
3514.525      25.3710
3514.879      25.9068
3515.233      26.1929
3515.587      26.3565
3515.941      26.6163
3516.295      27.0635
3516.648      27.6028
3517.002      27.9789
3517.356      28.0738
3517.71      28.1708
3518.064      28.5659
3518.418      29.1319
3518.772      29.5331
3519.125      29.8178
3519.479      30.2443
3519.833      30.8676
3520.187      31.4149
3520.541      31.6895
3520.895      31.8704
3521.249      32.2017
3521.603      32.7072
3521.957      33.2170
3522.31      33.5194
3522.664      33.6091
3523.018      33.7411
3523.372      34.1236
3523.726      34.7816
3524.08      35.6808
3524.434      36.6523
3524.787      37.3106
3525.141      37.3468
3525.495      37.0303
3525.849      36.9558
3526.203      37.2965
3526.557      37.8718
3526.911      38.6438
3527.265      39.6948
3527.618      40.9020
3527.972      41.8331
3528.326      42.1329
3528.68      42.1547
3529.034      42.5718
3529.388      43.4969
3529.742      44.6220
3530.095      45.9302
3530.449      47.6938
3530.803      49.9195
3531.157      52.3099
3531.511      54.5778
3531.865      56.5784
3532.219      58.4256
3532.573      60.4105
3532.927      62.6242
3533.28      64.5793
3533.634      65.1529
3533.988      63.7073
3534.342      61.0760
3534.696      58.5271
3535.05      56.5695
3535.404      55.1048
3535.757      54.2152
3536.111      54.1542
3536.465      54.8243
3536.819      55.9629
3537.173      57.5486
3537.527      59.6293
3537.881      62.1392
3538.234      64.9245
3538.588      67.2041
3538.942      67.5961
3539.296      65.3149
3539.65      61.2105
3540.004      56.9228
3540.358      53.3954
3540.712      50.9179
3541.065      49.6190
3541.419      49.1500
3541.773      48.7702
3542.127      48.0703
3542.481      47.2562
3542.835      46.8164
3543.189      47.0081
3543.542      47.5675
3543.896      48.1107
3544.25      48.7628
3544.604      49.7395
3544.958      50.7416
3545.312      51.5216
3545.666      52.3485
3546.02      53.4991
3546.374      55.0462
3546.727      57.0584
3547.081      59.6593
3547.435      63.0615
3547.789      67.1548
3548.143      71.2195
3548.497      74.7816
3548.851      78.0537
3549.204      80.8738
3549.558      82.1960
3549.912      80.5763
3550.266      75.6380
3550.62      68.9770
3550.974      62.4028
3551.328      56.7203
3551.681      52.3544
3552.035      49.3804
3552.389      47.4739
3552.743      46.3321
3553.097      45.9061
3553.451      46.0615
3553.805      46.1547
3554.159      45.7276
3554.512      45.1170
3554.866      44.8576
3555.22      45.0319
3555.574      45.4724
3555.928      46.1503
3556.282      46.8816
3556.636      47.2717
3556.99      47.2434
3557.344      47.2065
3557.697      47.4659
3558.051      48.0906
3558.405      49.0682
3558.759      50.1871
3559.113      51.0297
3559.467      51.5174
3559.821      52.0752
3560.174      53.0863
3560.528      54.7184
3560.882      57.0470
3561.236      59.9362
3561.59      63.0504
3561.944      66.3330
3562.298      70.2530
3562.651      75.1359
3563.005      80.9415
3563.359      87.3943
3563.713      93.6655
3564.067      98.3816
3564.421      100.0000
3564.775      96.8080
3565.128      88.2958
3565.482      76.8565
3565.836      65.7133
3566.19      56.3399
3566.544      49.1167
3566.898      44.0389
3567.252      40.7488
3567.606      38.7116
3567.959      37.2715
3568.313      35.9312
3568.667      34.7743
3569.021      34.0607
3569.375      33.7978
3569.729      33.7415
3570.083      33.5250
3570.437      33.1383
3570.791      32.9131
3571.144      33.0051
3571.498      33.2553
3571.852      33.3426
3572.206      33.2444
3572.56      33.2631
3572.914      33.5352
3573.268      33.8668
3573.621      34.0166
3573.975      34.0873
3574.329      34.3363
3574.683      34.7376
3575.037      35.0570
3575.391      35.2704
3575.745      35.6039
3576.098      36.0869
3576.452      36.5422
3576.806      36.9682
3577.16      37.5515
3577.514      38.2828
3577.868      39.0776
3578.222      40.0669
3578.575      41.3911
3578.929      43.0709
3579.283      45.2479
3579.637      48.0916
3579.991      51.6557
3580.345      55.9993
3580.699      61.1640
3581.052      67.1352
3581.406      73.8489
3581.76      80.9888
3582.114      87.8441
3582.468      92.9544
3582.822      93.9595
3583.176      88.3552
3583.53      76.1290
3583.884      60.9760
3584.238      46.9323
3584.591      35.7740
3584.945      27.5185
3585.299      21.5896
3585.653      17.3712
3586.007      14.3259
3586.361      12.0746
3586.715      10.3633
3587.068      9.0247
3587.422      7.9464
3587.776      7.0668
3588.13      6.3361
3588.484      5.7220
3588.838      5.2011
3589.192      4.7546
3589.545      4.3656
3589.899      4.0256
3590.253      3.7309
3590.607      3.4671
3590.961      3.2305
3591.315      3.0235
3591.669      2.8360
3592.022      2.6654
3592.376      2.5138
3592.73      2.3717
3593.084      2.2438
3593.438      2.1275
3593.792      2.0199
3594.146      1.9137
3594.5      1.8230
3594.854      1.7357
3595.207      1.6539
3595.561      1.5758
3595.915      1.4974
3596.269      1.4310
3596.623      1.3725
3596.977      1.3126
3597.331      1.2627
3597.684      1.2150
3598.038      1.1677
3598.392      1.1240
3598.746      1.0817
3599.1      1.0448
3599.454      1.0081
3599.808      .9681
3600.162      .9358
3600.515      .9040
3600.869      .8755
3601.223      .8433
3601.577      .8180
3601.931      .7905
3602.285      .7666
3602.639      .7372
3602.992      .7164
3603.346      .6929
3603.7      .6725
3604.054      .6507
3604.408      .6334
3604.762      .6124
3605.116      .5904
3605.469      .5745
3605.823      .5565
3606.177      .5411
3606.531      .5248
3606.885      .5089
3607.239      .4944
3607.593      .4772
3607.947      .4621
3608.301      .4484
3608.654      .4313
3609.008      .4190
3609.362      .4036
3609.716      .3865
3610.07      .3704
3610.424      .3541
3610.778      .3287
3611.131      .3112
3611.485      .3043
3611.839      .2958
3612.193      .2851
3612.547      .2790
3612.901      .2720
3613.255      .2642
3613.609      .2576
3613.962      .2472
3614.316      .2421
3614.67      .2360
3615.024      .2293
3615.378      .2247
3615.732      .2179
3616.086      .2099
3616.439      .2058
3616.793      .1997
3617.147      .1950
3617.501      .1886
3617.855      .1818
3618.209      .1783
3618.563      .1721
3618.917      .1689
3619.271      .1629
3619.624      .1571
3619.978      .1527
3620.332      .1487
3620.686      .1428
3621.04      .1380
3621.394      .1347
3621.748      .1305
3622.101      .1247
3622.455      .1209
3622.809      .1170
3623.163      .1143
3623.517      .1086
3623.871      .1057
3624.225      .1017
3624.578      .0959
3624.932      .0940
3625.286      .0903
3625.64      .0845
3625.994      .0830
3626.348      .0788
3626.702      .0725
3627.056      .0678
3627.409      .0612
3627.763      .0560
3628.117      .0493
3628.471      .0389
3628.825      .0268
3629.179      .0000
3629.533      .0000
3629.886      .0000
3630.24      .0000
3630.594      .0000
3630.948      .0000
3631.302      .0000
3631.656      .0000
3632.01      .0000
3632.364      .0000
3632.718      .0000
3633.071      .0000
3633.425      .0000
3633.779      .0000
3634.133      .0000
3634.487      .0000
3634.841      .0000
3635.195      .0000
3635.548      .0000
3635.902      .0000
3636.256      .0000
3636.61      .0000
3636.964      .0000
3637.318      .0000
3637.672      .0000
3638.025      .0000
3638.379      .0000
3638.733      .0000
3639.087      .0000
3639.441      .0000
3639.795      .0000
3640.149      .0000
3640.503      .0000
3640.856      .0000
3641.21      .0000
3641.564      .0000
3641.918      .0000
3642.272      .0000
3642.626      .0000
3642.98      .0000
3643.333      .0001
3643.688      .0001
3644.041      .0001
3644.395      .0001
3644.749      .0001
3645.103      .0001
3645.457      .0002
3645.811      .0003
3646.165      .0004
3646.518      .0005
3646.872      .0006
3647.226      .0007
3647.58      .0007
3647.934      .0007
3648.288      .0006
3648.642      .0004
3648.995      .0003
3649.349      .0002
3649.703      .0002
3650.057      .0000
