1945.      .0000
1945.354      4.0117
1945.708      4.5124
1946.062      4.9629
1946.416      5.3494
1946.769      5.6606
1947.123      5.9326
1947.477      6.1963
1947.831      6.4348
1948.185      6.6466
1948.539      6.8651
1948.893      7.0902
1949.246      7.2972
1949.6      7.5014
1949.954      7.7233
1950.308      7.9424
1950.662      8.1506
1951.016      8.3721
1951.37      8.6047
1951.724      8.8286
1952.077      9.0559
1952.431      9.2989
1952.785      9.5425
1953.139      9.7838
1953.493      10.0370
1953.847      10.2994
1954.201      10.5606
1954.554      10.8272
1954.908      11.1061
1955.262      11.3901
1955.616      11.6744
1955.97      11.9697
1956.324      12.2773
1956.678      12.5829
1957.031      12.8964
1957.385      13.2281
1957.739      13.5578
1958.093      13.8913
1958.447      14.2480
1958.801      14.6036
1959.155      14.9605
1959.509      15.3439
1959.863      15.7248
1960.216      16.1079
1960.57      16.5203
1960.924      16.9279
1961.278      17.3418
1961.632      17.7840
1961.986      18.2187
1962.34      18.6680
1962.693      19.1410
1963.047      19.6057
1963.401      20.0942
1963.755      20.5969
1964.109      21.0988
1964.463      21.6286
1964.817      22.1616
1965.171      22.7067
1965.524      23.2740
1965.878      23.8445
1966.232      24.4372
1966.586      25.0409
1966.94      25.6579
1967.294      26.2948
1967.648      26.9430
1968.001      27.6116
1968.355      28.2946
1968.709      28.9952
1969.063      29.7139
1969.417      30.4511
1969.771      31.2092
1970.125      31.9867
1970.479      32.7857
1970.832      33.6072
1971.186      34.4523
1971.54      35.3221
1971.894      36.2151
1972.248      37.1358
1972.602      38.0850
1972.956      39.0669
1973.309      40.0807
1973.663      41.1321
1974.017      42.2227
1974.371      43.3623
1974.725      44.5555
1975.079      45.8122
1975.433      47.1428
1975.787      48.5689
1976.141      50.1191
1976.494      51.8403
1976.848      53.7978
1977.202      56.0946
1977.556      58.8846
1977.91      62.3812
1978.264      66.8375
1978.618      72.4574
1978.971      79.2106
1979.325      86.5902
1979.679      93.5207
1980.033      98.5050
1980.387      100.0000
1980.741      97.0917
1981.095      90.0860
1981.448      80.6291
1981.802      71.2374
1982.156      63.8825
1982.51      59.2931
1982.864      57.4632
1983.218      58.1686
1983.572      61.0713
1983.926      65.5595
1984.279      70.5646
1984.633      74.5032
1984.987      75.4395
1985.341      71.9545
1985.695      64.3139
1986.049      54.2061
1986.403      43.6547
1986.756      34.3047
1987.11      26.8910
1987.464      21.3698
1987.818      17.3633
1988.172      14.4592
1988.526      12.3213
1988.88      10.7063
1989.234      9.4557
1989.588      8.4665
1989.941      7.6689
1990.295      7.0092
1990.649      6.4564
1991.003      5.9933
1991.357      5.6041
1991.711      5.2733
1992.065      4.9909
1992.418      4.7459
1992.772      4.5320
1993.126      4.3452
1993.48      4.1834
1993.834      4.0435
1994.188      3.9207
1994.542      3.8101
1994.896      3.7142
1995.249      3.6391
1995.603      3.5785
1995.957      3.5212
1996.311      3.4678
1996.665      3.4244
1997.019      3.3927
1997.373      3.3658
1997.726      3.3378
1998.08      3.3148
1998.434      3.2974
1998.788      3.2863
1999.142      3.2823
1999.496      3.2812
1999.85      3.2789
2000.203      3.2789
2000.557      3.2880
2000.911      3.3063
2001.265      3.3233
2001.619      3.3347
2001.973      3.3524
2002.327      3.3786
2002.681      3.4123
2003.035      3.4419
2003.388      3.4687
2003.742      3.4998
2004.096      3.5422
2004.45      3.5900
2004.804      3.6324
2005.158      3.6693
2005.512      3.7127
2005.865      3.7710
2006.219      3.8329
2006.573      3.8814
2006.927      3.9278
2007.281      3.9892
2007.635      4.0644
2007.989      4.1338
2008.343      4.1895
2008.696      4.2514
2009.05      4.3367
2009.404      4.4297
2009.758      4.5031
2010.112      4.5751
2010.466      4.6658
2010.82      4.7698
2011.173      4.8609
2011.527      4.9309
2011.881      5.0106
2012.235      5.1193
2012.589      5.2300
2012.943      5.3150
2013.297      5.3973
2013.651      5.5119
2014.004      5.6409
2014.358      5.7486
2014.712      5.8441
2015.066      5.9711
2015.42      6.1150
2015.774      6.2439
2016.128      6.3431
2016.481      6.4630
2016.835      6.6165
2017.189      6.7571
2017.543      6.8677
2017.897      6.9953
2018.251      7.1603
2018.605      7.3178
2018.959      7.4435
2019.313      7.5837
2019.666      7.7612
2020.02      7.9346
2020.374      8.0754
2020.728      8.2323
2021.082      8.4241
2021.436      8.6098
2021.79      8.7681
2022.143      8.9428
2022.497      9.1505
2022.851      9.3488
2023.205      9.5244
2023.559      9.7212
2023.913      9.9450
2024.267      10.1537
2024.62      10.3510
2024.974      10.5712
2025.328      10.8044
2025.682      11.0253
2026.036      11.2398
2026.39      11.4728
2026.744      11.7204
2027.098      11.9521
2027.451      12.2012
2027.805      12.4643
2028.159      12.7308
2028.513      12.9981
2028.867      13.2699
2029.221      13.5482
2029.575      13.8344
2029.928      14.1208
2030.282      14.4021
2030.636      14.6946
2030.99      14.9970
2031.344      15.2767
2031.698      15.5655
2032.052      15.8729
2032.406      16.1658
2032.76      16.4358
2033.113      16.7114
2033.467      16.9610
2033.821      17.1548
2034.175      17.3272
2034.529      17.4745
2034.883      17.5887
2035.237      17.7429
2035.59      17.9631
2035.944      18.2000
2036.298      18.4705
2036.652      18.7881
2037.006      19.0980
2037.36      19.4078
2037.714      19.7386
2038.068      20.0442
2038.421      20.3302
2038.775      20.6260
2039.129      20.9015
2039.483      21.1609
2039.837      21.4392
2040.191      21.7315
2040.545      22.0580
2040.898      22.4405
2041.252      22.8471
2041.606      23.2822
2041.96      23.7543
2042.314      24.2346
2042.668      24.7388
2043.022      25.2640
2043.375      25.7941
2043.729      26.3484
2044.083      26.9144
2044.437      27.4946
2044.791      28.0947
2045.145      28.7051
2045.499      29.3334
2045.853      29.9775
2046.207      30.6380
2046.56      31.3190
2046.914      32.0172
2047.268      32.7332
2047.622      33.4703
2047.976      34.2280
2048.33      35.0130
2048.684      35.8262
2049.037      36.6713
2049.391      37.5492
2049.745      38.4684
2050.099      39.4368
2050.453      40.4671
2050.807      41.5743
2051.161      42.7769
2051.514      44.1067
2051.868      45.6207
2052.222      47.3971
2052.576      49.5582
2052.93      52.2642
2053.284      55.7278
2053.638      60.1489
2053.992      65.6135
2054.345      71.8651
2054.699      78.2147
2055.053      83.5882
2055.407      86.6764
2055.761      86.3455
2056.115      82.2279
2056.469      74.9778
2056.823      66.3115
2057.177      58.3457
2057.53      52.4032
2057.884      48.7861
2058.238      47.3687
2058.592      47.9635
2058.946      50.3759
2059.3      54.2609
2059.654      58.9651
2060.007      63.4290
2060.361      66.1930
2060.715      65.6755
2061.069      61.1797
2061.423      53.5402
2061.777      44.3782
2062.131      35.3808
2062.484      27.7710
2062.838      21.9067
2063.192      17.5972
2063.546      14.4735
2063.9      12.2077
2064.254      10.5365
2064.608      9.2708
2064.961      8.2763
2065.315      7.4767
2065.669      6.8333
2066.023      6.3118
2066.377      5.8782
2066.731      5.5034
2067.085      5.1798
2067.439      4.9067
2067.792      4.6778
2068.146      4.4795
2068.5      4.3037
2068.854      4.1484
2069.208      4.0106
2069.562      3.8893
2069.916      3.7849
2070.27      3.7017
2070.624      3.6317
2070.977      3.5599
2071.331      3.4861
2071.685      3.4295
2072.039      3.3983
2072.393      3.3749
2072.747      3.3399
2073.101      3.2973
2073.454      3.2702
2073.808      3.2658
2074.162      3.2679
2074.516      3.2610
2074.87      3.2473
2075.224      3.2375
2075.578      3.2412
2075.931      3.2620
2076.285      3.2838
2076.639      3.2924
2076.993      3.2891
2077.347      3.2979
2077.701      3.3359
2078.055      3.3796
2078.408      3.4015
2078.762      3.4068
2079.116      3.4260
2079.47      3.4734
2079.824      3.5303
2080.178      3.5692
2080.532      3.5859
2080.886      3.6098
2081.24      3.6633
2081.593      3.7349
2081.947      3.7893
2082.301      3.8137
2082.655      3.8429
2083.009      3.9055
2083.363      3.9902
2083.717      4.0540
2084.071      4.0888
2084.424      4.1260
2084.778      4.1959
2085.132      4.2925
2085.486      4.3700
2085.84      4.4091
2086.194      4.4517
2086.548      4.5405
2086.901      4.6497
2087.255      4.7272
2087.609      4.7748
2087.963      4.8343
2088.317      4.9357
2088.671      5.0560
2089.025      5.1431
2089.378      5.1988
2089.732      5.2776
2090.086      5.4046
2090.44      5.5352
2090.794      5.6165
2091.148      5.6818
2091.502      5.7825
2091.855      5.9200
2092.209      6.0430
2092.563      6.1235
2092.917      6.2049
2093.271      6.3367
2093.625      6.4866
2093.979      6.6020
2094.333      6.6899
2094.687      6.8072
2095.04      6.9638
2095.394      7.1215
2095.748      7.2299
2096.102      7.3410
2096.456      7.4911
2096.81      7.6569
2097.164      7.7932
2097.518      7.9098
2097.871      8.0514
2098.225      8.2264
2098.579      8.3862
2098.933      8.5203
2099.287      8.6646
2099.641      8.8416
2099.995      9.0184
2100.348      9.1728
2100.702      9.3250
2101.056      9.5005
2101.41      9.6836
2101.764      9.8490
2102.118      10.0171
2102.472      10.1986
2102.825      10.3952
2103.179      10.5878
2103.533      10.7797
2103.887      10.9799
2104.241      11.1824
2104.595      11.3869
2104.949      11.5964
2105.302      11.8052
2105.656      12.0095
2106.01      12.2209
2106.364      12.4388
2106.718      12.6417
2107.072      12.8477
2107.426      13.0618
2107.78      13.2876
2108.134      13.4934
2108.487      13.6847
2108.841      13.8873
2109.195      14.0763
2109.549      14.2154
2109.903      14.3205
2110.257      14.4036
2110.611      14.4161
2110.965      14.3268
2111.318      14.1709
2111.672      13.9924
2112.026      13.8216
2112.38      13.7121
2112.734      13.7017
2113.088      13.7518
2113.442      13.8222
2113.795      13.9270
2114.149      14.0568
2114.503      14.1694
2114.857      14.2610
2115.211      14.3386
2115.565      14.3792
2115.919      14.3784
2116.272      14.3517
2116.626      14.2939
2116.98      14.2104
2117.334      14.1390
2117.688      14.1181
2118.042      14.1683
2118.396      14.2731
2118.75      14.4114
2119.104      14.5946
2119.457      14.8055
2119.811      15.0202
2120.165      15.2645
2120.519      15.5268
2120.873      15.7794
2121.227      16.0549
2121.581      16.3451
2121.934      16.6264
2122.288      16.9310
2122.642      17.2459
2122.996      17.5543
2123.35      17.8807
2123.704      18.2149
2124.058      18.5516
2124.411      18.9051
2124.765      19.2655
2125.119      19.6292
2125.473      20.0056
2125.827      20.3898
2126.181      20.7834
2126.535      21.1951
2126.889      21.6121
2127.242      22.0390
2127.596      22.4824
2127.95      22.9349
2128.304      23.4112
2128.658      23.9052
2129.012      24.4180
2129.366      24.9520
2129.719      25.5119
2130.073      26.1121
2130.427      26.7567
2130.781      27.4581
2131.135      28.2303
2131.489      29.0996
2131.843      30.1149
2132.197      31.3434
2132.551      32.8789
2132.904      34.8370
2133.258      37.3601
2133.612      40.5493
2133.966      44.3790
2134.32      48.5729
2134.674      52.6094
2135.028      55.7716
2135.381      57.2342
2135.735      56.3838
2136.089      53.1487
2136.443      48.0415
2136.797      42.2184
2137.151      36.9997
2137.505      33.1240
2137.858      30.7071
2138.212      29.6269
2138.566      29.7486
2138.92      30.9778
2139.274      33.2095
2139.628      36.2196
2139.982      39.5675
2140.336      42.5684
2140.689      44.2534
2141.043      43.6438
2141.397      40.4326
2141.751      35.2790
2142.105      29.2159
2142.459      23.3189
2142.813      18.3483
2143.167      14.5388
2143.521      11.7511
2143.874      9.7426
2144.228      8.2777
2144.582      7.1864
2144.936      6.3616
2145.29      5.7269
2145.644      5.2227
2145.998      4.8020
2146.351      4.4464
2146.705      4.1557
2147.059      3.9252
2147.413      3.7318
2147.767      3.5528
2148.121      3.3864
2148.475      3.2480
2148.828      3.1448
2149.182      3.0617
2149.536      2.9778
2149.89      2.8916
2150.244      2.8182
2150.598      2.7673
2150.952      2.7283
2151.305      2.6882
2151.659      2.6485
2152.013      2.6180
2152.367      2.5946
2152.721      2.5700
2153.075      2.5472
2153.429      2.5368
2153.783      2.5392
2154.136      2.5369
2154.49      2.5210
2154.844      2.5041
2155.198      2.5077
2155.552      2.5308
2155.906      2.5479
2156.26      2.5445
2156.614      2.5353
2156.968      2.5437
2157.321      2.5716
2157.675      2.5990
2158.029      2.6155
2158.383      2.6254
2158.737      2.6361
2159.091      2.6551
2159.445      2.6855
2159.798      2.7230
2160.152      2.7543
2160.506      2.7705
2160.86      2.7824
2161.214      2.8089
2161.568      2.8580
2161.922      2.9092
2162.275      2.9382
2162.629      2.9507
2162.983      2.9737
2163.337      3.0227
2163.691      3.0858
2164.045      3.1340
2164.399      3.1570
2164.752      3.1786
2165.106      3.2236
2165.46      3.2876
2165.814      3.3515
2166.168      3.3961
2166.522      3.4221
2166.876      3.4570
2167.23      3.5171
2167.583      3.5962
2167.937      3.6642
2168.291      3.6969
2168.645      3.7220
2168.999      3.7843
2169.353      3.8746
2169.707      3.9526
2170.061      3.9952
2170.415      4.0300
2170.768      4.0889
2171.122      4.1739
2171.476      4.2672
2171.83      4.3335
2172.184      4.3703
2172.538      4.4182
2172.892      4.5121
2173.245      4.6228
2173.599      4.6948
2173.953      4.7369
2174.307      4.7972
2174.661      4.8970
2175.015      5.0091
2175.369      5.0997
2175.722      5.1546
2176.076      5.2100
2176.43      5.3122
2176.784      5.4380
2177.138      5.5294
2177.492      5.5854
2177.846      5.6552
2178.199      5.7659
2178.553      5.8946
2178.907      5.9945
2179.261      6.0577
2179.615      6.1380
2179.969      6.2642
2180.323      6.3990
2180.677      6.4998
2181.031      6.5694
2181.384      6.6663
2181.738      6.8000
2182.092      6.9321
2182.446      7.0244
2182.8      7.1095
2183.154      7.2302
2183.508      7.3795
2183.862      7.5108
2184.215      7.6081
2184.569      7.7119
2184.923      7.8537
2185.277      8.0039
2185.631      8.1259
2185.985      8.2292
2186.339      8.3548
2186.692      8.5036
2187.046      8.6362
2187.4      8.7525
2187.754      8.8685
2188.108      9.0121
2188.462      9.1595
2188.816      9.2858
2189.169      9.4015
2189.523      9.5277
2189.877      9.6567
2190.231      9.7663
2190.585      9.8539
2190.939      9.9276
2191.293      9.9798
2191.646      9.9901
2192.      9.9472
2192.354      9.8433
2192.708      9.6636
2193.062      9.4166
2193.416      9.1582
2193.77      8.9432
2194.124      8.7889
2194.478      8.7000
2194.831      8.6711
2195.185      8.6732
2195.539      8.6816
2195.893      8.7028
2196.247      8.7390
2196.601      8.7569
2196.955      8.7343
2197.309      8.6912
2197.662      8.6332
2198.016      8.5293
2198.37      8.3753
2198.724      8.2032
2199.078      8.0241
2199.432      7.8418
2199.786      7.7008
2200.139      7.6441
2200.493      7.6383
2200.847      7.6416
2201.201      7.6772
2201.555      7.7540
2201.909      7.8289
2202.263      7.9021
2202.616      8.0085
2202.97      8.1253
2203.324      8.2239
2203.678      8.3348
2204.032      8.4643
2204.386      8.5828
2204.74      8.7059
2205.094      8.8509
2205.448      8.9900
2205.801      9.1217
2206.155      9.2673
2206.509      9.4146
2206.863      9.5607
2207.217      9.7203
2207.571      9.8840
2207.925      10.0435
2208.278      10.2055
2208.632      10.3716
2208.986      10.5431
2209.34      10.7220
2209.694      10.9073
2210.048      11.0942
2210.402      11.2788
2210.755      11.4698
2211.109      11.6648
2211.463      11.8697
2211.817      12.0872
2212.171      12.3026
2212.525      12.5237
2212.879      12.7492
2213.233      12.9826
2213.586      13.2337
2213.94      13.4969
2214.294      13.7732
2214.648      14.0610
2215.002      14.3625
2215.356      14.6934
2215.71      15.0620
2216.063      15.4773
2216.417      15.9517
2216.771      16.5030
2217.125      17.1762
2217.479      18.0288
2217.833      19.1372
2218.187      20.5736
2218.541      22.3740
2218.895      24.5001
2219.248      26.7969
2219.602      29.0114
2219.956      30.7878
2220.31      31.6947
2220.664      31.3750
2221.018      29.7551
2221.372      27.0454
2221.725      23.7886
2222.079      20.7246
2222.433      18.3359
2222.787      16.7167
2223.141      15.7975
2223.495      15.4945
2223.849      15.7602
2224.202      16.5717
2224.556      17.8889
2224.91      19.6034
2225.264      21.5255
2225.618      23.3550
2225.972      24.6403
2226.326      24.8186
2226.68      23.5501
2227.033      21.0377
2227.387      17.8018
2227.741      14.4238
2228.095      11.4303
2228.449      9.0600
2228.803      7.2915
2229.157      5.9985
2229.51      5.0628
2229.865      4.3852
2230.218      3.8882
2230.572      3.5063
2230.926      3.1948
2231.28      2.9366
2231.634      2.7272
2231.988      2.5606
2232.342      2.4249
2232.695      2.3067
2233.049      2.2033
2233.403      2.1159
2233.757      2.0440
2234.111      1.9806
2234.465      1.9197
2234.819      1.8656
2235.172      1.8262
2235.526      1.8008
2235.88      1.7776
2236.234      1.7472
2236.588      1.7121
2236.942      1.6849
2237.296      1.6736
2237.649      1.6731
2238.003      1.6695
2238.357      1.6566
2238.711      1.6407
2239.065      1.6307
2239.419      1.6289
2239.773      1.6328
2240.127      1.6402
2240.48      1.6469
2240.834      1.6488
2241.188      1.6451
2241.542      1.6417
2241.896      1.6483
2242.25      1.6668
2242.604      1.6880
2242.958      1.6984
2243.312      1.6989
2243.665      1.6999
2244.019      1.7105
2244.373      1.7316
2244.727      1.7566
2245.081      1.7778
2245.435      1.7899
2245.789      1.7953
2246.142      1.8024
2246.496      1.8219
2246.85      1.8567
2247.204      1.8903
2247.558      1.9069
2247.912      1.9105
2248.266      1.9216
2248.619      1.9484
2248.973      1.9831
2249.327      2.0166
2249.681      2.0411
2250.035      2.0567
2250.389      2.0699
2250.743      2.0895
2251.096      2.1253
2251.45      2.1721
2251.804      2.2060
2252.158      2.2184
2252.512      2.2289
2252.866      2.2574
2253.22      2.3008
2253.574      2.3455
2253.927      2.3803
2254.281      2.4019
2254.635      2.4196
2254.989      2.4456
2255.343      2.4903
2255.697      2.5448
2256.051      2.5842
2256.405      2.6034
2256.759      2.6247
2257.112      2.6605
2257.466      2.7098
2257.82      2.7630
2258.174      2.8066
2258.528      2.8317
2258.882      2.8538
2259.236      2.8955
2259.589      2.9557
2259.943      3.0112
2260.297      3.0484
2260.651      3.0786
2261.005      3.1131
2261.359      3.1593
2261.713      3.2222
2262.066      3.2822
2262.42      3.3192
2262.774      3.3496
2263.128      3.3952
2263.482      3.4553
2263.836      3.5190
2264.19      3.5738
2264.543      3.6154
2264.897      3.6551
2265.251      3.7099
2265.605      3.7781
2265.959      3.8421
2266.313      3.8918
2266.667      3.9336
2267.021      3.9844
2267.375      4.0467
2267.728      4.1171
2268.082      4.1806
2268.436      4.2333
2268.79      4.2864
2269.144      4.3524
2269.498      4.4257
2269.852      4.4952
2270.206      4.5577
2270.559      4.6147
2270.913      4.6787
2271.267      4.7524
2271.621      4.8280
2271.975      4.8951
2272.329      4.9560
2272.683      5.0197
2273.036      5.0894
2273.39      5.1640
2273.744      5.2383
2274.098      5.3054
2274.452      5.3685
2274.806      5.4363
2275.16      5.5110
2275.513      5.5836
2275.867      5.6451
2276.221      5.6969
2276.575      5.7492
2276.929      5.8057
2277.283      5.8541
2277.637      5.8786
2277.99      5.8761
2278.344      5.8546
2278.698      5.8133
2279.052      5.7320
2279.406      5.5880
2279.76      5.3904
2280.114      5.1895
2280.468      5.0268
2280.822      4.9028
2281.175      4.8077
2281.529      4.7470
2281.883      4.7257
2282.237      4.7253
2282.591      4.7216
2282.945      4.7117
2283.299      4.7078
2283.652      4.7067
2284.006      4.6865
2284.36      4.6353
2284.714      4.5620
2285.068      4.4774
2285.422      4.3731
2285.776      4.2354
2286.13      4.0707
2286.483      3.9137
2286.837      3.7887
2287.191      3.6987
2287.545      3.6405
2287.899      3.6120
2288.253      3.6056
2288.607      3.6122
2288.96      3.6259
2289.314      3.6439
2289.668      3.6689
2290.022      3.7048
2290.376      3.7467
2290.73      3.7851
2291.084      3.8227
2291.438      3.8689
2291.792      3.9174
2292.145      3.9586
2292.499      4.0040
2292.853      4.0644
2293.207      4.1245
2293.561      4.1725
2293.915      4.2241
2294.269      4.2858
2294.622      4.3422
2294.976      4.3955
2295.33      4.4615
2295.684      4.5331
2296.038      4.5952
2296.392      4.6549
2296.746      4.7210
2297.099      4.7883
2297.453      4.8555
2297.807      4.9287
2298.161      5.0074
2298.515      5.0827
2298.869      5.1529
2299.223      5.2259
2299.577      5.3044
2299.93      5.3840
2300.284      5.4691
2300.638      5.5592
2300.992      5.6438
2301.346      5.7246
2301.7      5.8102
2302.054      5.9004
2302.407      5.9964
2302.761      6.1013
2303.115      6.2073
2303.469      6.3093
2303.823      6.4123
2304.177      6.5205
2304.531      6.6381
2304.885      6.7694
2305.239      6.9122
2305.592      7.0609
2305.946      7.2169
2306.3      7.3875
2306.654      7.5855
2307.008      7.8260
2307.362      8.1232
2307.716      8.4949
2308.069      8.9649
2308.423      9.5678
2308.777      10.3384
2309.131      11.2871
2309.485      12.3724
2309.839      13.5011
2310.193      14.5355
2310.546      15.3002
2310.9      15.5983
2311.254      15.3019
2311.608      14.4150
2311.962      13.0409
2312.316      11.4248
2312.67      9.9154
2313.024      8.7295
2313.377      7.9141
2313.731      7.4316
2314.085      7.2305
2314.439      7.2707
2314.793      7.5323
2315.147      8.0146
2315.501      8.7160
2315.854      9.6007
2316.208      10.5877
2316.562      11.5396
2316.916      12.2404
2317.27      12.4194
2317.624      11.9008
2317.978      10.7631
2318.332      9.2430
2318.686      7.5876
2319.039      6.0543
2319.393      4.8014
2319.747      3.8577
2320.101      3.1756
2320.455      2.6913
2320.809      2.3403
2321.163      2.0718
2321.516      1.8586
2321.87      1.6924
2322.224      1.5689
2322.578      1.4770
2322.932      1.3998
2323.286      1.3237
2323.64      1.2496
2323.993      1.1890
2324.347      1.1496
2324.701      1.1269
2325.055      1.1062
2325.409      1.0762
2325.763      1.0404
2326.117      1.0115
2326.471      .9960
2326.824      .9904
2327.178      .9842
2327.532      .9721
2327.886      .9586
2328.24      .9504
2328.594      .9476
2328.948      .9445
2329.302      .9368
2329.656      .9286
2330.009      .9289
2330.363      .9385
2330.717      .9475
2331.071      .9456
2331.425      .9344
2331.779      .9262
2332.133      .9319
2332.486      .9485
2332.84      .9642
2333.194      .9684
2333.548      .9631
2333.902      .9591
2334.256      .9638
2334.61      .9755
2334.963      .9884
2335.317      .9998
2335.671      1.0090
2336.025      1.0148
2336.379      1.0172
2336.733      1.0194
2337.087      1.0261
2337.44      1.0406
2337.794      1.0611
2338.148      1.0785
2338.502      1.0846
2338.856      1.0828
2339.21      1.0833
2339.564      1.0955
2339.918      1.1180
2340.271      1.1427
2340.625      1.1581
2340.979      1.1608
2341.333      1.1603
2341.687      1.1676
2342.041      1.1860
2342.395      1.2100
2342.749      1.2323
2343.103      1.2473
2343.456      1.2542
2343.81      1.2578
2344.164      1.2653
2344.518      1.2830
2344.872      1.3119
2345.226      1.3423
2345.58      1.3574
2345.933      1.3563
2346.287      1.3574
2346.641      1.3749
2346.995      1.4062
2347.349      1.4370
2347.703      1.4572
2348.057      1.4668
2348.41      1.4732
2348.764      1.4833
2349.118      1.5025
2349.472      1.5354
2349.826      1.5720
2350.18      1.5917
2350.534      1.5923
2350.887      1.5960
2351.241      1.6191
2351.595      1.6550
2351.949      1.6894
2352.303      1.7138
2352.657      1.7269
2353.011      1.7335
2353.365      1.7460
2353.719      1.7773
2354.072      1.8216
2354.426      1.8548
2354.78      1.8672
2355.134      1.8735
2355.488      1.8901
2355.842      1.9195
2356.196      1.9599
2356.55      1.9968
2356.903      2.0160
2357.257      2.0229
2357.611      2.0373
2357.965      2.0687
2358.319      2.1141
2358.673      2.1542
2359.027      2.1759
2359.38      2.1868
2359.734      2.2047
2360.088      2.2381
2360.442      2.2849
2360.796      2.3270
2361.15      2.3500
2361.504      2.3641
2361.857      2.3864
2362.211      2.4231
2362.565      2.4698
2362.919      2.5087
2363.273      2.5298
2363.627      2.5451
2363.981      2.5717
2364.334      2.6128
2364.688      2.6590
2365.042      2.6938
2365.396      2.7138
2365.75      2.7334
2366.104      2.7660
2366.458      2.8096
2366.812      2.8514
2367.166      2.8798
2367.519      2.8982
2367.873      2.9208
2368.227      2.9531
2368.581      2.9883
2368.935      3.0143
2369.289      3.0252
2369.643      3.0306
2369.996      3.0364
2370.35      3.0382
2370.704      3.0228
2371.058      2.9801
2371.412      2.9112
2371.766      2.8199
2372.12      2.7109
2372.474      2.5982
2372.827      2.4979
2373.181      2.4194
2373.535      2.3665
2373.889      2.3353
2374.243      2.3173
2374.597      2.3053
2374.951      2.2971
2375.304      2.2929
2375.658      2.2910
2376.012      2.2871
2376.366      2.2778
2376.72      2.2603
2377.074      2.2311
2377.428      2.1880
2377.781      2.1321
2378.135      2.0673
2378.489      1.9919
2378.843      1.9001
2379.197      1.8007
2379.551      1.7128
2379.905      1.6491
2380.259      1.6070
2380.613      1.5777
2380.966      1.5574
2381.32      1.5488
2381.674      1.5526
2382.028      1.5591
2382.382      1.5609
2382.736      1.5615
2383.09      1.5704
2383.443      1.5871
2383.797      1.6015
2384.151      1.6111
2384.505      1.6246
2384.859      1.6460
2385.213      1.6656
2385.567      1.6763
2385.921      1.6872
2386.274      1.7088
2386.628      1.7354
2386.982      1.7549
2387.336      1.7705
2387.69      1.7924
2388.044      1.8180
2388.398      1.8363
2388.751      1.8507
2389.105      1.8742
2389.459      1.9054
2389.813      1.9306
2390.167      1.9497
2390.521      1.9737
2390.875      2.0010
2391.229      2.0220
2391.583      2.0419
2391.936      2.0716
2392.29      2.1050
2392.644      2.1324
2392.998      2.1578
2393.352      2.1859
2393.706      2.2120
2394.06      2.2364
2394.413      2.2653
2394.767      2.2985
2395.121      2.3322
2395.475      2.3644
2395.829      2.3944
2396.183      2.4240
2396.537      2.4548
2396.89      2.4857
2397.244      2.5207
2397.598      2.5605
2397.952      2.5972
2398.306      2.6320
2398.66      2.6691
2399.014      2.7049
2399.368      2.7426
2399.721      2.7868
2400.075      2.8329
2400.429      2.8790
2400.783      2.9262
2401.137      2.9738
2401.491      3.0227
2401.845      3.0796
2402.198      3.1459
2402.552      3.2190
2402.906      3.3014
2403.26      3.3948
2403.614      3.5022
2403.968      3.6362
2404.322      3.8118
2404.676      4.0425
2405.03      4.3431
2405.383      4.7184
2405.737      5.1604
2406.091      5.6435
2406.445      6.1312
2406.799      6.5752
2407.153      6.9015
2407.507      7.0215
2407.86      6.8820
2408.214      6.4873
2408.568      5.8736
2408.922      5.1395
2409.276      4.4455
2409.63      3.8942
2409.984      3.5043
2410.337      3.2534
2410.691      3.1148
2411.045      3.0714
2411.399      3.1189
2411.753      3.2584
2412.107      3.4912
2412.461      3.8120
2412.815      4.2051
2413.168      4.6418
2413.522      5.0830
2413.876      5.4623
2414.23      5.6705
2414.584      5.5953
2414.938      5.2130
2415.292      4.6058
2415.646      3.8763
2416.      3.1383
2416.353      2.5011
2416.707      2.0074
2417.061      1.6438
2417.415      1.3797
2417.769      1.1859
2418.123      1.0425
2418.477      .9365
2418.83      .8571
2419.184      .7943
2419.538      .7411
2419.892      .6958
2420.246      .6590
2420.6      .6319
2420.954      .6123
2421.307      .5950
2421.661      .5758
2422.015      .5550
2422.369      .5371
2422.723      .5257
2423.077      .5212
2423.431      .5195
2423.784      .5146
2424.138      .5057
2424.492      .4962
2424.846      .4897
2425.2      .4879
2425.554      .4881
2425.908      .4867
2426.262      .4842
2426.615      .4831
2426.969      .4843
2427.323      .4865
2427.677      .4860
2428.031      .4825
2428.385      .4791
2428.739      .4805
2429.093      .4871
2429.447      .4947
2429.8      .4979
2430.154      .4956
2430.508      .4923
2430.862      .4931
2431.216      .4986
2431.57      .5050
2431.924      .5098
2432.277      .5130
2432.631      .5160
2432.985      .5198
2433.339      .5228
2433.693      .5242
2434.047      .5259
2434.401      .5305
2434.754      .5395
2435.108      .5489
2435.462      .5535
2435.816      .5537
2436.17      .5540
2436.524      .5583
2436.878      .5659
2437.231      .5736
2437.585      .5808
2437.939      .5874
2438.293      .5926
2438.647      .5964
2439.001      .5994
2439.355      .6034
2439.708      .6106
2440.063      .6208
2440.416      .6306
2440.77      .6365
2441.124      .6397
2441.478      .6440
2441.832      .6508
2442.186      .6582
2442.54      .6659
2442.894      .6757
2443.247      .6862
2443.601      .6927
2443.955      .6953
2444.309      .6995
2444.663      .7083
2445.017      .7199
2445.371      .7302
2445.724      .7379
2446.078      .7451
2446.432      .7526
2446.786      .7600
2447.14      .7663
2447.494      .7743
2447.848      .7868
2448.201      .7999
2448.555      .8079
2448.909      .8122
2449.263      .8197
2449.617      .8317
2449.971      .8425
2450.325      .8513
2450.678      .8613
2451.032      .8723
2451.386      .8810
2451.74      .8883
2452.094      .8977
2452.448      .9102
2452.802      .9230
2453.156      .9329
2453.51      .9409
2453.863      .9494
2454.217      .9602
2454.571      .9715
2454.925      .9829
2455.279      .9953
2455.633      1.0080
2455.987      1.0182
2456.34      1.0277
2456.694      1.0403
2457.048      1.0547
2457.402      1.0668
2457.756      1.0772
2458.11      1.0887
2458.464      1.1007
2458.818      1.1133
2459.171      1.1271
2459.525      1.1422
2459.879      1.1548
2460.233      1.1646
2460.587      1.1740
2460.941      1.1868
2461.295      1.2009
2461.648      1.2163
2462.002      1.2309
2462.356      1.2430
2462.71      1.2537
2463.064      1.2664
2463.418      1.2820
2463.772      1.2978
2464.125      1.3115
2464.479      1.3225
2464.833      1.3323
2465.187      1.3440
2465.541      1.3589
2465.895      1.3752
2466.249      1.3889
2466.603      1.3977
2466.957      1.4029
2467.31      1.4078
2467.664      1.4147
2468.018      1.4215
2468.372      1.4236
2468.726      1.4167
2469.08      1.4007
2469.434      1.3782
2469.787      1.3490
2470.141      1.3086
2470.495      1.2530
2470.849      1.1898
2471.203      1.1335
2471.557      1.0927
2471.911      1.0685
2472.265      1.0554
2472.618      1.0459
2472.972      1.0361
2473.326      1.0277
2473.68      1.0233
2474.034      1.0230
2474.388      1.0233
2474.742      1.0201
2475.095      1.0131
2475.449      1.0040
2475.803      .9936
2476.157      .9789
2476.511      .9554
2476.865      .9221
2477.219      .8821
2477.573      .8373
2477.927      .7897
2478.28      .7439
2478.634      .7048
2478.988      .6746
2479.342      .6532
2479.696      .6394
2480.05      .6297
2480.404      .6229
2480.757      .6196
2481.111      .6194
2481.465      .6218
2481.819      .6242
2482.173      .6265
2482.527      .6298
2482.881      .6333
2483.234      .6358
2483.588      .6372
2483.942      .6399
2484.296      .6472
2484.65      .6570
2485.004      .6648
2485.358      .6687
2485.712      .6721
2486.065      .6786
2486.419      .6860
2486.773      .6910
2487.127      .6944
2487.481      .7017
2487.835      .7144
2488.189      .7261
2488.542      .7317
2488.896      .7345
2489.25      .7402
2489.604      .7494
2489.958      .7574
2490.312      .7634
2490.666      .7723
2491.02      .7851
2491.374      .7970
2491.727      .8037
2492.081      .8083
2492.435      .8151
2492.789      .8244
2493.143      .8341
2493.497      .8442
2493.851      .8555
2494.204      .8672
2494.558      .8775
2494.912      .8855
2495.266      .8922
2495.62      .9001
2495.974      .9115
2496.328      .9248
2496.681      .9372
2497.035      .9488
2497.389      .9604
2497.743      .9703
2498.097      .9779
2498.451      .9868
2498.805      .9994
2499.159      1.0142
2499.512      1.0291
2499.866      1.0436
2500.22      1.0566
2500.574      1.0673
2500.928      1.0765
2501.282      1.0873
2501.636      1.1017
2501.99      1.1189
2502.344      1.1372
2502.697      1.1556
2503.051      1.1723
2503.405      1.1866
2503.759      1.2002
2504.113      1.2163
2504.467      1.2363
2504.821      1.2600
2505.174      1.2874
2505.528      1.3170
2505.882      1.3470
2506.236      1.3792
2506.59      1.4182
2506.944      1.4682
2507.298      1.5339
2507.651      1.6213
2508.005      1.7343
2508.359      1.8745
2508.713      2.0419
2509.067      2.2307
2509.421      2.4302
2509.775      2.6283
2510.128      2.8032
2510.482      2.9211
2510.836      2.9469
2511.19      2.8655
2511.544      2.6856
2511.898      2.4203
2512.252      2.1107
2512.606      1.8220
2512.959      1.5949
2513.313      1.4335
2513.667      1.3258
2514.021      1.2591
2514.375      1.2257
2514.729      1.2238
2515.083      1.2552
2515.437      1.3218
2515.791      1.4244
2516.144      1.5602
2516.498      1.7228
2516.852      1.9031
2517.206      2.0903
2517.56      2.2653
2517.914      2.3901
2518.268      2.4159
2518.621      2.3137
2518.975      2.1031
2519.329      1.8239
2519.683      1.5133
2520.037      1.2191
2520.391      .9778
2520.745      .7957
2521.098      .6627
2521.452      .5651
2521.806      .4919
2522.16      .4371
2522.514      .3974
2522.868      .3695
2523.222      .3491
2523.575      .3322
2523.929      .3156
2524.283      .2983
2524.637      .2823
2524.991      .2705
2525.345      .2639
2525.699      .2612
2526.052      .2597
2526.406      .2565
2526.76      .2506
2527.114      .2437
2527.468      .2380
2527.822      .2350
2528.176      .2341
2528.53      .2339
2528.884      .2332
2529.238      .2320
2529.591      .2312
2529.945      .2315
2530.299      .2322
2530.653      .2319
2531.007      .2300
2531.361      .2271
2531.715      .2251
2532.068      .2261
2532.422      .2305
2532.776      .2354
2533.13      .2381
2533.484      .2373
2533.838      .2338
2534.192      .2307
2534.545      .2308
2534.899      .2339
2535.253      .2385
2535.607      .2429
2535.961      .2454
2536.315      .2460
2536.669      .2459
2537.022      .2457
2537.376      .2457
2537.73      .2466
2538.084      .2484
2538.438      .2519
2538.792      .2570
2539.146      .2616
2539.5      .2639
2539.854      .2636
2540.207      .2620
2540.561      .2610
2540.915      .2625
2541.269      .2667
2541.623      .2731
2541.977      .2794
2542.331      .2833
2542.684      .2834
2543.038      .2815
2543.392      .2802
2543.746      .2815
2544.1      .2861
2544.454      .2924
2544.808      .2982
2545.162      .3022
2545.515      .3042
2545.869      .3050
2546.223      .3054
2546.577      .3052
2546.931      .3063
2547.285      .3108
2547.639      .3190
2547.992      .3275
2548.346      .3311
2548.7      .3294
2549.054      .3268
2549.408      .3277
2549.762      .3326
2550.116      .3388
2550.469      .3445
2550.823      .3501
2551.177      .3552
2551.531      .3579
2551.885      .3570
2552.239      .3551
2552.593      .3570
2552.947      .3643
2553.301      .3739
2553.654      .3812
2554.008      .3844
2554.362      .3852
2554.716      .3852
2555.07      .3855
2555.424      .3877
2555.778      .3938
2556.131      .4029
2556.485      .4112
2556.839      .4153
2557.193      .4160
2557.547      .4154
2557.901      .4159
2558.255      .4197
2558.609      .4273
2558.962      .4365
2559.316      .4437
2559.67      .4471
2560.024      .4482
2560.378      .4489
2560.732      .4509
2561.086      .4562
2561.439      .4652
2561.793      .4746
2562.147      .4808
2562.501      .4828
2562.855      .4825
2563.209      .4835
2563.563      .4878
2563.917      .4956
2564.271      .5046
2564.624      .5129
2564.978      .5180
2565.332      .5187
2565.686      .5188
2566.04      .5218
2566.394      .5281
2566.748      .5366
2567.101      .5456
2567.455      .5524
2567.809      .5552
2568.163      .5558
2568.517      .5582
2568.871      .5640
2569.225      .5718
2569.578      .5799
2569.932      .5861
2570.286      .5886
2570.64      .5890
2570.994      .5909
2571.348      .5955
2571.702      .6019
2572.056      .6087
2572.409      .6128
2572.763      .6122
2573.117      .6085
2573.471      .6039
2573.825      .5995
2574.179      .5952
2574.533      .5883
2574.886      .5750
2575.24      .5532
2575.594      .5245
2575.948      .4954
2576.302      .4721
2576.656      .4564
2577.01      .4457
2577.364      .4373
2577.718      .4302
2578.071      .4247
2578.425      .4216
2578.779      .4214
2579.133      .4227
2579.487      .4230
2579.841      .4213
2580.195      .4178
2580.548      .4132
2580.902      .4092
2581.256      .4057
2581.61      .4008
2581.964      .3924
2582.318      .3802
2582.672      .3642
2583.025      .3452
2583.379      .3236
2583.733      .3006
2584.087      .2794
2584.441      .2625
2584.795      .2497
2585.149      .2407
2585.503      .2354
2585.856      .2322
2586.21      .2301
2586.564      .2284
2586.918      .2264
2587.272      .2242
2587.626      .2227
2587.98      .2223
2588.333      .2232
2588.688      .2253
2589.041      .2275
2589.395      .2290
2589.749      .2289
2590.103      .2283
2590.457      .2282
2590.811      .2292
2591.165      .2310
2591.518      .2324
2591.872      .2330
2592.226      .2341
2592.58      .2366
2592.934      .2397
2593.288      .2416
2593.642      .2408
2593.995      .2387
2594.349      .2381
2594.703      .2402
2595.057      .2436
2595.411      .2456
2595.765      .2452
2596.119      .2440
2596.472      .2437
2596.826      .2436
2597.18      .2414
2597.534      .2362
2597.888      .2298
2598.242      .2241
2598.596      .2176
2598.95      .2059
2599.303      .1860
2599.657      .1589
2600.011      .0000
