500.7780839479341
498.92543933503214
483.8614075770277
470.0777861216585
472.5088447749381
487.29084563235125
502.57254320553335
498.04827332889244
448.02616472802015
461.29450771226755
474.96630707759164
489.04239386251794
426.6498282201129
438.66527317331554
451.0106585093872
463.6837120663253
407.8548770776382
418.8214155954436
430.0608213516597
441.56884996704787
391.2298015389024
401.30947280977824
411.6170685249805
422.14710349041775
376.4475585023034
385.7708424752986
395.28621192282037
404.9874200782638
363.24504965105774
371.9183081436163
380.75475110537866
389.74768709106945
351.40831273934197
359.5192149538422
367.7697614185615
376.15302657427094
340.76165340961853
348.38319713001925
356.1250390624652
363.9801594415088
331.159546874392
338.3530832847655
345.6508908719648
353.04594804752344
260.9036698644977
242.00592418402104
226.61111295232638
213.90464697685084
265.3482573153695
245.8252572054302
229.9566215578009
216.88303189031834
269.4148598864241
249.65483658499392
233.30437442785745
219.8584869855593
265.08690774862947
253.48990644384648
236.65019285511653
222.82730978193504
261.01838541726823
257.32539458758487
239.98965644580719
225.7856083237219
257.19187240248266
261.1559113195483
243.31810466145782
228.72930407222216
253.5916341641439
264.9757504129812
246.63064009591466
231.65413620487163
250.2034310271395
268.77889247103957
249.92213363523925
234.5556674190626
247.01435295423914
266.7342571274228
253.1872316413147
237.42929133114194
244.0126762145167
263.23757605838455
256.42036529004184
240.27024155148257
241.18773866657307
259.9529654102035
259.6157621815772
243.07360250453314
303.34663611976157
273.72074028786983
250.42684473100508
231.69442984753448
282.52104917779633
298.14608071212433
270.71775024886574
248.95863559116015
261.76124179951927
288.7273223726234
292.9829306313471
267.66484060582167
244.95339213631394
268.4124588769466
295.3524047057465
287.8624365291214
231.16249462958956
251.94238286815983
275.5323517516263
302.4354697407679
219.73524528779004
238.42838641580735
259.4499537741261
283.1689628354116
210.2024148883722
227.24589805388825
246.26320975096417
267.5335842767141
202.2193462025085
217.94443429277433
235.37708807060375
254.73459428698192
195.52829621711743
210.19224398081533
226.36080831973305
244.20749140791042
189.93383801951313
203.7410327395591
218.8965572305186
235.54238070186196
185.28636269070836
198.4027989397096
212.74658958574065
228.436691389437
500.7780839479341
498.92543933503214
483.8614075770277
470.0777861216585
472.5088447749381
487.29084563235125
502.57254320553335
498.04827332889244
448.02616472802015
461.29450771226755
474.96630707759164
489.04239386251794
426.6498282201129
438.66527317331554
451.0106585093872
463.6837120663253
407.8548770776382
418.8214155954436
430.0608213516597
441.56884996704787
391.2298015389024
401.30947280977824
411.6170685249805
422.14710349041775
376.4475585023034
385.7708424752986
395.28621192282037
404.9874200782638
363.24504965105774
371.9183081436163
380.75475110537866
389.74768709106945
351.40831273934197
359.5192149538422
367.7697614185615
376.15302657427094
340.76165340961853
348.38319713001925
356.1250390624652
363.9801594415088
331.159546874392
338.3530832847655
345.6508908719648
353.04594804752344
260.9036698644977
242.00592418402104
226.61111295232638
213.90464697685084
265.3482573153695
245.8252572054302
229.9566215578009
216.88303189031834
269.4148598864241
249.65483658499392
233.30437442785745
219.8584869855593
265.08690774862947
253.48990644384648
236.65019285511653
222.82730978193504
261.01838541726823
257.32539458758487
239.98965644580719
225.7856083237219
257.19187240248266
261.1559113195483
243.31810466145782
228.72930407222216
253.5916341641439
264.9757504129812
246.63064009591466
231.65413620487163
250.2034310271395
268.77889247103957
249.92213363523925
234.5556674190626
247.01435295423914
266.7342571274228
253.1872316413147
237.42929133114194
244.0126762145167
263.23757605838455
256.42036529004184
240.27024155148257
241.18773866657307
259.9529654102035
259.6157621815772
243.07360250453314
303.34663611976157
273.72074028786983
250.42684473100508
231.69442984753448
282.52104917779633
298.14608071212433
270.71775024886574
248.95863559116015
261.76124179951927
288.7273223726234
292.9829306313471
267.66484060582167
244.95339213631394
268.4124588769466
295.3524047057465
287.8624365291214
231.16249462958956
251.94238286815983
275.5323517516263
302.4354697407679
219.73524528779004
238.42838641580735
259.4499537741261
283.1689628354116
210.2024148883722
227.24589805388825
246.26320975096417
267.5335842767141
202.2193462025085
217.94443429277433
235.37708807060375
254.73459428698192
195.52829621711743
210.19224398081533
226.36080831973305
244.20749140791042
189.93383801951313
203.7410327395591
218.8965572305186
235.54238070186196
185.28636269070836
198.4027989397096
212.74658958574065
228.436691389437
500.7780839479341
498.92543933503214
483.8614075770277
470.0777861216585
472.5088447749381
487.29084563235125
502.57254320553335
498.04827332889244
448.02616472802015
461.29450771226755
474.96630707759164
489.04239386251794
426.6498282201129
438.66527317331554
451.0106585093872
463.6837120663253
407.8548770776382
418.8214155954436
430.0608213516597
441.56884996704787
391.2298015389024
401.30947280977824
411.6170685249805
422.14710349041775
376.4475585023034
385.7708424752986
395.28621192282037
404.9874200782638
363.24504965105774
371.9183081436163
380.75475110537866
389.74768709106945
351.40831273934197
359.5192149538422
367.7697614185615
376.15302657427094
340.76165340961853
348.38319713001925
356.1250390624652
363.9801594415088
331.159546874392
338.3530832847655
345.6508908719648
353.04594804752344
260.9036698644977
242.00592418402104
226.61111295232638
213.90464697685084
265.3482573153695
245.8252572054302
229.9566215578009
216.88303189031834
269.4148598864241
249.65483658499392
233.30437442785745
219.8584869855593
265.08690774862947
253.48990644384648
236.65019285511653
222.82730978193504
261.01838541726823
257.32539458758487
239.98965644580719
225.7856083237219
257.19187240248266
261.1559113195483
243.31810466145782
228.72930407222216
253.5916341641439
264.9757504129812
246.63064009591466
231.65413620487163
250.2034310271395
268.77889247103957
249.92213363523925
234.5556674190626
247.01435295423914
266.7342571274228
253.1872316413147
237.42929133114194
244.0126762145167
263.23757605838455
256.42036529004184
240.27024155148257
241.18773866657307
259.9529654102035
259.6157621815772
243.07360250453314
303.34663611976157
273.72074028786983
250.42684473100508
231.69442984753448
282.52104917779633
298.14608071212433
270.71775024886574
248.95863559116015
261.76124179951927
288.7273223726234
292.9829306313471
267.66484060582167
244.95339213631394
268.4124588769466
295.3524047057465
287.8624365291214
231.16249462958956
251.94238286815983
275.5323517516263
302.4354697407679
219.73524528779004
238.42838641580735
259.4499537741261
283.1689628354116
210.2024148883722
227.24589805388825
246.26320975096417
267.5335842767141
202.2193462025085
217.94443429277433
235.37708807060375
254.73459428698192
195.52829621711743
210.19224398081533
226.36080831973305
244.20749140791042
189.93383801951313
203.7410327395591
218.8965572305186
235.54238070186196
185.28636269070836
198.4027989397096
212.74658958574065
228.436691389437
500.7780839479341
498.92543933503214
483.8614075770277
470.0777861216585
472.5088447749381
487.29084563235125
502.57254320553335
498.04827332889244
448.02616472802015
461.29450771226755
474.96630707759164
489.04239386251794
426.6498282201129
438.66527317331554
451.0106585093872
463.6837120663253
407.8548770776382
418.8214155954436
430.0608213516597
441.56884996704787
391.2298015389024
401.30947280977824
411.6170685249805
422.14710349041775
376.4475585023034
385.7708424752986
395.28621192282037
404.9874200782638
363.24504965105774
371.9183081436163
380.75475110537866
389.74768709106945
351.40831273934197
359.5192149538422
367.7697614185615
376.15302657427094
340.76165340961853
348.38319713001925
356.1250390624652
363.9801594415088
331.159546874392
338.3530832847655
345.6508908719648
353.04594804752344
260.9036698644977
242.00592418402104
226.61111295232638
213.90464697685084
265.3482573153695
245.8252572054302
229.9566215578009
216.88303189031834
269.4148598864241
249.65483658499392
233.30437442785745
219.8584869855593
265.08690774862947
253.48990644384648
236.65019285511653
222.82730978193504
261.01838541726823
257.32539458758487
239.98965644580719
225.7856083237219
257.19187240248266
261.1559113195483
243.31810466145782
228.72930407222216
253.5916341641439
264.9757504129812
246.63064009591466
231.65413620487163
250.2034310271395
268.77889247103957
249.92213363523925
234.5556674190626
247.01435295423914
266.7342571274228
253.1872316413147
237.42929133114194
244.0126762145167
263.23757605838455
256.42036529004184
240.27024155148257
241.18773866657307
259.9529654102035
259.6157621815772
243.07360250453314
303.34663611976157
273.72074028786983
250.42684473100508
231.69442984753448
282.52104917779633
298.14608071212433
270.71775024886574
248.95863559116015
261.76124179951927
288.7273223726234
292.9829306313471
267.66484060582167
244.95339213631394
268.4124588769466
295.3524047057465
287.8624365291214
231.16249462958956
251.94238286815983
275.5323517516263
302.4354697407679
219.73524528779004
238.42838641580735
259.4499537741261
283.1689628354116
210.2024148883722
227.24589805388825
246.26320975096417
267.5335842767141
202.2193462025085
217.94443429277433
235.37708807060375
254.73459428698192
195.52829621711743
210.19224398081533
226.36080831973305
244.20749140791042
189.93383801951313
203.7410327395591
218.8965572305186
235.54238070186196
185.28636269070836
198.4027989397096
212.74658958574065
228.436691389437
